150.2 165.4 172.1 155.8 140.6 178.9 162.3 169.7 180.5 158.2 145.9 152.4
162.6 155.3 148.7 170.2 167.9 175.6 182.3 159.8 145.2 152.7 169.3 176.8
168.5 153.2 147.6 165.1 172.8 180.5 157.9 144.3 151.8 168.4 176.1 182.7
157.3 142.7 150.2 167.8 175.4 182.9 159.5 146.9 154.4 162.0 169.6 177.2
166.4 153.8 141.2 158.7 176.3 183.8 161.4 148.8 156.3 163.9 171.5 179.1
163.9 150.3 137.7 155.2 172.8 180.4 158.0 145.5 153.0 160.6 168.2 175.8
161.5 148.9 136.3 153.8 171.4 179.0 156.5 143.9 151.4 159.0 166.6 174.2
160.2 147.6 135.0 152.5 170.1 177.7 155.3 142.8 150.3 157.9 165.5 173.1
158.7 146.2 133.6 151.1 168.7 176.3 153.9 141.4 148.9 156.5 164.1 171.7
157.4 144.8 132.2 149.7 167.3 174.9 152.5 140.0 147.5 155.1 162.7 170.3
